-9.24375 -8.85861 5.06027 -0.791955 -4.31562 -0.399487 7.4987 -4.1673 -8.15851 -0.51973 
3.46599 -0.885342 -5.58031 -3.45317 -8.34651 -4.97971 9.39512 -8.76095 5.63768 8.14753 
-2.99112 -9.26695 -9.81445 -4.70992 3.5667 -3.95428 -7.54265 -5.64013 7.18253 7.29667 
-1.29978 -3.22245 -6.90725 0.267647 -2.91299 1.47191 4.17096 -2.62917 -2.69265 -1.39683 
2.25135 6.15589 7.54387 1.13559 5.90991 8.4814 -0.549028 -7.60918 0.309153 -6.52028 
1.7777 7.70074 4.73983 -2.56874 -6.76565 -1.71606 -6.51845 3.67534 -4.74715 -4.5201 
-4.38765 5.69506 -4.75021 3.45683 9.38353 6.47938 1.02329 -1.4835 -3.2078 -2.69204 
-3.09305 3.13456 -6.02222 9.07224 2.31056 -7.15445 3.05887 -0.741905 3.2609 4.10749 
1.03854 7.72088 -2.41676 1.2656 -8.5876 4.37361 4.3376 -9.25413 -5.90747 1.91443 
-1.86499 0.598468 -0.725425 -3.28288 -1.03305 -6.48366 0.881069 -8.98984 -1.83752 -8.54122 
